
Edison Startup at: 
Tue Sep 15 17:01:12 2015

-1.93649,1.08414,-29.1296
14.4826,-14.1611,8.17215
4.68048,-1.5477,-9.03198
-1.34583,2.51221,-4.69543
7.37961,24.2622,-7.1553
6.50482,8.02261,3.81317
-6.16089,-8.74039,0.979462
0.927124,3.29727,-5.51788
-0.0523376,39.4327,-16.8004
23.3276,26.5053,-17.2266
-45.2571,23.6192,24.7707
-32.0531,13.4283,6.13846
8.06,0.545807,-11.5517
71.3586,7.31232,-29.1296
64.7192,3.25989,-31.6643
41.6982,-9.19647,-19.8285
7.2525,4.68796,18.2509
15.6415,-13.0022,1.06171
-3.44681,-4.93469,-25.152
-24.6136,-7.36465,-9.09927
-20.1874,-11.3348,19.1182
-21.4211,2.00378,-3.29727
37.0177,-3.55148,8.20953
18.7144,-6.78146,11.9778
-12.262,-3.25241,-16.8153
-12.5386,54.0424,10.632
-27.1184,2.14584,-12.0227
34.1241,-11.5666,41.1299
25.2866,4.20944,24.9277
-9.5105,2.54211,5.69733
-22.1388,-6.07117,-17.8247
-133.625,28.1128,-88.7123
-148.415,13.6751,-46.9095
-23.5893,16.7107,2.54959
-12.8975,-2.16827,-0.16449
23.8286,-17.1219,16.0826
10.5124,2.25052,11.7535
34.2363,-0.246735,14.191
-1.56265,9.97406,-7.52914
-53.6461,0.224304,-12.2769
2.1608,-24.2174,-4.61319
23.8884,-8.08243,6.53473
-12.8003,7.00577,-5.59265
6.93848,-0.231781,3.40195
14.2882,7.18521,0.657959
-6.40015,-2.87857,0.822449
-56.5845,-0.426178,12.5087
-42.1169,7.25998,3.85803
-10.7816,3.20007,9.7049
-22.5201,1.55518,-7.61887
-24.3445,9.04694,17.563
-10.5722,17.092,9.33105
-2.28043,-7.52914,-18.5873
21.4659,2.45239,-2.89352
3.75336,-3.1926,-2.48978
-1.11404,0,-6.07864
-8.82263,-7.11044,-17.9518
-11.6563,5.42068,-23.9931
-10.8563,-17.3911,9.85443
-11.0806,-10.6694,0.134583
5.16647,7.02072,17.5107
3.5141,-4.26926,-6.64688
8.32169,-5.54779,18.4602
21.2865,-2.74399,-0.478516
-7.73102,-1.83929,-8.52356
14.2882,7.85812,1.58508
-3.71597,-4.49356,-1.88416
-16.1948,-19.8659,0.971985
22.4603,-2.11594,5.32349
-54.648,5.63004,-16.2695
-23.1557,1.24115,10.2881
16.4714,-8.21701,-2.02621
0.433655,3.26736,-2.60193
4.82254,0.291595,-2.92343
0.194397,1.02432,-4.05991
-7.10297,-0.665436,-3.94028
0.635529,-1.43555,-2.42996
-67.9268,-2.96829,-22.8117
-0.0672913,-6.45248,8.79272
-15.6415,10.9311,2.51221
-23.8959,17.4434,-22.5949
18.5799,-8.1871,17.1593
14.4377,9.74228,-2.78137
-0.381317,6.28052,4.02252
-9.15909,-4.68048,-21.0098
21.4584,-11.619,2.02621
54.6704,7.36465,-0.231781
-74.3195,-3.46176,-12.6881
0.575714,-0.687866,-10.9087
-57.1677,-42.1318,1.68228
-57.22,-55.9863,-17.0695
-42.4832,-11.5741,-0.822449
0.613098,-1.36078,-4.40384
-11.5442,-2.2879,-2.81876
-41.9897,-13.7872,-7.51419
-27.5894,-23.8286,1.77948
12.8676,0.35141,-3.31223
-2.75894,2.07108,-12.7255
-14.5648,2.95334,-3.11035
-29.3091,14.6172,-29.01
-15.5144,2.93839,-0.119629
-7.06558,3.87299,-0.672913
-10.2283,2.50473,-3.20755
5.83939,1.4505,2.46735
6.10855,-1.62994,9.43573
5.77209,-5.45807,4.23187
-2.01874,0.00747681,-2.60941
-1.14395,-0.852356,-1.34583
-2.45239,-3.11035,-2.40753
0.209351,-0.149536,-5.92911
0.814972,-2.07855,-2.47482
4.30664,2.16827,0.149536
15.963,-0.269165,13.877
-7.64877,-1.3533,-5.09918
-4.2543,-8.11234,-2.02621
-0.0224304,4.20197,-2.81128
-2.96829,-7.89551,-16.606
7.37213,-2.91595,4.40384
0.343933,-2.33276,-1.60004
7.58148,0.575714,2.96082
-0.485992,3.24493,6.28052
-1.2561,1.13647,-2.75894
-3.82812,-1.03928,-1.57761
2.42249,-0.747681,1.15891
-4.03,0.844879,-10.3479
1.48788,2.4823,0.717773
1.46545,-4.76273,-4.7702
-6.48239,-4.23187,-4.45618
-3.6412,-3.30475,-5.24872
1.5477,-0.441132,-4.7702
-7.14035,-4.07486,-12.2395
3.05801,-0.388794,-2.64679
-4.40384,0.328979,0.762634
-9.54041,-10.49,-3.85803
-17.3312,3.48419,-3.45428
-19.178,6.40015,-25.4286
46.7674,-13.2639,13.8844
31.4549,-10.5722,-5.83939
-36.5018,-0.785065,-14.7144
-38.5878,25.3688,-9.03946
-25.0847,2.08603,-24.8679
-4.03748,-3.40195,-5.802
-24.3669,3.14774,26.3109
23.208,-4.47113,23.0435
40.0159,4.08234,50.7899
10.0189,-2.43744,-26.9838
-12.1274,-27.6492,40.943
-14.4452,8.92731,8.11981
-5.8992,3.5141,-6.97586
-2.81876,8.88245,18.1313
16.2845,7.56653,-5.44312
-3.81317,5.45807,-11.6788
12.9124,2.18323,25.7651
-29.4661,8.10486,-12.3592
17.0471,-10.7965,5.16647
16.8303,10.6096,-6.69174
-3.42438,-3.05801,-3.89542
-4.81506,-5.82443,-0.695343
8.27682,-24.0977,0.381317
7.08801,-11.5666,-6.77399
3.94028,-2.89352,-5.93658
7.91046,-4.37393,-10.2432
17.6901,-37.7953,7.40204
23.7314,-13.9816,-36.1803
8.87497,-27.2903,6.43753
-26.4081,-14.2209,-32.5465
60.3453,-14.9237,23.223
86.073,-33.369,35.3354
50.304,-26.9987,10.5498
-83.6131,46.7749,-63.6426
-5.83939,-0.254211,0.471039
-1.09161,0.254211,0.209351
28.9053,-25.9744,7.71606
102.664,-56.2929,-1.14395
-0.523376,-12.8227,10.4974
-83.6281,27.1707,-23.6716
7.79083,0.971985,5.87677
38.5878,-32.8979,35.6793
-4.01505,-72.1811,34.1316
-84.9066,-12.5311,44.5393
-56.8761,0.740204,-19.3799
-24.0678,-14.4901,2.40753
-50.7227,-9.1217,18.5051
-57.048,-13.9143,32.5839
-66.2595,-2.3851,26.6623
-62.5285,-2.7739,-9.47311
0.112152,-3.47672,-18.8341
11.7236,-8.6731,3.56644
-25.4062,7.33475,3.7384
-18.0789,9.05441,1.53275
27.8885,-6.61697,8.12729
-1.62247,1.51031,-10.632
2.17575,2.31033,-0.306549
18.9537,14.034,-22.9463
69.968,10.9834,-12.8377
54.633,0.740204,-21.279
22.9762,0.72525,-26.1389
-2.258,18.6621,-31.6493
-68.1361,53.5938,-51.6049
24.2473,-2.42249,34.8494
37.5037,-11.2302,5.3833
27.4249,-15.7536,18.1761
-42.1094,-12.5386,-7.31232
21.3911,7.20016,-10.7741
-32.0007,-16.1723,1.10657
-58.9771,42.5655,-36.756
5.3833,0.986938,34.483
-58.0649,-29.3091,23.5594
-23.9482,4.50851,29.825
3.11783,23.0435,-5.71228
-12.1872,24.666,-13.3835
36.6214,-16.4116,-13.4807
-15.1929,1.62247,25.3987
-40.8458,-20.1425,-21.0397
-15.2901,-13.6153,-38.0719
-49.7507,-35.6943,-24.337
9.99649,-7.68616,-20.7556
-69.8483,-6.43005,-10.9984
-0.485992,-5.30106,4.18701
36.2027,7.19269,38.1168
4.17953,-31.2755,-4.17206
64.8613,11.5517,8.51608
-10.1086,4.29916,-17.8471
17.1817,-45.6534,-15.6415
4.83002,-21.8323,-8.10486
-35.7167,23.851,-25.3165
-61.3397,-12.2694,-14.4228
-35.7541,19.7687,-7.99271
10.3629,6.0936,-27.6791
13.2265,-30.8493,17.0995
45.3319,13.8022,-25.8473
-24.6809,-7.30484,12.2321
5.8992,-3.05054,-0.112152
-11.9704,-25.2567,34.8943
-3.56644,-2.53464,-5.51041
0.747681,-19.2229,21.5706
30.4755,11.8283,-20.636
24.2622,4.50104,1.09909
34.3933,15.5966,-21.7201
23.6342,-25.6454,5.20386
-10.1236,11.8732,-5.52536
-39.0962,-16.1649,1.45798
-1.16638,13.2639,10.4376
-1.71967,11.6638,-20.6734
18.0565,-33.6456,2.33276
7.64877,7.88055,16.7107
-23.7912,-12.09,4.27673
-28.8605,11.3049,-9.27124
19.4098,-26.5726,26.1165
4.63562,26.9838,-14.4527
-20.6734,4.36646,-8.53851
0.927124,1.04675,-10.9087
6.14594,-23.2304,20.3818
35.5672,-2.60193,-49.4965
13.69,42.2739,21.7126
