
Edison Startup at: 
Tue Sep 15 17:01:12 2015

18.1591
18.1591
18.1591
18.1591
18.1835
18.1835
18.2567
18.4398
18.7634
18.8915
19.093
19.27
19.3493
19.27
19.0685
18.9953
18.5131
18.2872
18.0309
17.9576
17.9821
18.0553
18.2567
18.2323
18.3605
18.4398
18.6413
18.8183
19.2211
19.3737
19.5752
19.6545
19.7522
19.7766
19.7766
19.7522
19.7034
19.6545
19.5752
19.5263
19.3737
19.27
19.1235
19.0197
18.8671
18.7939
18.6657
18.5863
18.4887
18.4398
18.3361
18.2567
18.1591
18.0797
17.9821
17.9027
17.805
17.7501
17.6769
17.6524
17.5975
17.5731
17.5243
17.4998
17.4998
17.4998
17.4754
17.451
17.4754
17.4998
17.7013
17.9027
18.2872
18.4643
18.6901
18.7939
19.0197
19.1967
19.7766
19.9292
20.0085
20.0085
19.9292
19.8559
19.7278
19.6789
19.6545
19.6789
19.7766
19.8071
19.8071
19.8071
19.7522
19.7034
19.5263
19.4775
19.3737
19.3493
19.447
19.5263
19.6545
19.7522
19.9841
20.0574
20.1306
20.1611
20.1856
20.1856
20.2588
20.3382
20.7654
21.0706
21.6749
21.9496
22.2548
22.3036
22.3036
22.3036
22.3585
22.328
22.1815
22.0778
21.8275
21.6749
21.4491
21.3697
21.1927
21.1439
21.0706
21.0157
20.9669
20.9669
20.9913
20.9913
20.9424
20.918
20.8387
20.8143
20.741
20.7166
20.6617
20.6372
20.5884
20.5884
20.564
20.564
20.5152
20.4846
20.387
20.3382
20.1856
20.1306
20.0085
19.9536
19.8804
19.8559
19.7766
19.7522
19.6789
19.6301
19.5508
19.5019
19.4226
19.3982
19.3737
19.3493
19.3005
19.27
19.2456
19.2211
19.1723
19.1723
19.1235
19.093
19.0441
19.0197
18.9953
18.9953
18.9709
18.9709
18.9465
18.9159
18.8915
18.8671
18.8183
18.7939
18.7389
18.7389
18.6901
18.6657
18.6657
18.6413
18.6657
18.6657
18.7145
18.7634
19.0197
19.1479
19.3982
19.4775
19.5263
19.5508
19.5752
19.5752
19.5263
19.447
19.3249
19.27
19.2211
19.1967
19.1723
19.1479
19.0685
19.0197
18.8915
18.8427
18.7389
18.6901
18.5619
18.4887
18.3361
18.2567
18.1347
18.0065
17.7013
17.5243
17.2191
17.0909
16.865
16.7369
16.4317
16.3035
16.1265
16.0288
15.9006
15.8457
15.7969
15.748
15.6931
15.6687
15.6198
15.5954
15.5161
15.4917
15.4184
15.3635
15.2902
15.2414
15.1865
15.1621
15.1621
15.1865
15.2414
15.2414
15.2658
