
Edison Startup at: 
Tue Sep 15 17:01:12 2015

39.7455
39.7253
39.7253
39.7253
39.7253
39.7253
39.7253
39.7253
39.7153
39.7153
39.6951
39.685
39.675
39.6548
39.6145
39.5843
39.544
39.544
39.534
39.544
39.534
39.534
39.5138
39.5138
39.4836
39.4735
39.4735
39.4635
39.4635
39.4635
39.4635
39.4635
39.4635
39.4635
39.4433
39.4433
39.4433
39.4333
39.4333
39.4333
39.4131
39.4131
39.403
39.403
39.403
39.393
39.393
39.3628
39.3426
39.3426
39.3325
39.3325
39.3225
39.3023
39.3023
39.3023
39.2721
39.2721
39.262
39.262
39.252
39.252
39.2218
39.2218
39.2016
39.2016
39.1915
39.1815
39.1815
39.1613
39.1513
39.1513
39.1311
39.1311
39.121
39.111
39.111
39.0908
39.0808
39.0808
39.0707
39.0707
39.0405
39.0405
39.0203
39.0203
39.0103
39.0103
39.0002
38.98
38.97
38.97
38.97
38.9498
38.9398
38.9498
38.9297
38.9398
38.9095
38.9095
38.8793
38.8995
38.8793
38.8793
38.8693
38.8592
38.8592
38.839
38.839
38.829
38.8088
38.8088
38.7988
38.7988
38.7887
38.7887
38.7685
38.7685
38.7585
38.7585
38.7283
38.7283
38.7283
38.7283
38.7182
38.7182
38.698
38.698
38.6678
38.6678
38.6578
38.6578
38.6578
38.6477
38.6275
38.6275
38.6175
38.6175
38.5973
38.5973
38.5973
38.5873
38.5772
38.5772
38.557
38.557
38.547
38.547
38.5268
38.5268
38.5168
38.5168
38.5067
38.5067
38.4865
38.4865
38.4563
38.4765
38.4563
38.4563
38.4463
38.4362
38.4362
38.416
38.406
38.406
38.3858
38.3858
38.3758
38.3758
38.3657
38.3657
38.3657
38.3455
38.3355
38.3355
38.3153
38.3355
38.3053
38.3053
38.275
38.275
38.275
38.275
38.265
38.265
38.2549
38.2549
38.2348
38.2348
38.2348
38.2247
38.2247
38.2045
38.1945
38.1945
38.1945
38.1844
38.1643
38.1643
38.1542
38.1542
38.1542
38.1542
38.124
38.134
38.124
38.124
38.124
38.124
38.1139
38.124
38.124
38.124
38.1139
38.1139
38.1139
38.1139
38.1139
38.1139
38.1139
38.1139
38.0938
38.0938
38.0938
38.0938
38.0837
38.0837
38.0837
38.0837
38.0635
38.0837
38.0837
38.0837
38.0635
38.0837
38.0837
38.0837
38.0837
38.0837
38.0837
38.0837
38.0837
38.0635
38.0635
38.0635
38.0635
38.0635
38.0635
38.0837
38.0635
38.0535
38.0635
38.0635
38.0635
